804 0.717917346783704 0.00484607934566623
805 0.635785935789599 0.00681600535036422
806 0.506233047056971 0.00592402133478181
807 0.379200147724144 0.016382910438647
808 0.412681847539867 0.00906005879433513
809 0.720601710683157 0.00559515640914808
810 0.631792776061217 0.00499976496603753
811 0.697782073315025 0.00598921438575138
812 0.720378251088652 0.00481503319438
813 0.593174031555084 0.00552257273037882
814 0.689562234997375 0.00924185716382346
815 0.643885626248505 0.00860159208097761
816 0.711251458951542 0.00633825876772604
817 0.640402686256064 0.00575198271759832
818 0.51225067511664 0.00640782679522676
819 0.641356708213441 0.00418971927829612
820 0.591170781212288 0.00569198331666516
821 0.468832747107292 0.00576668189995859
822 0.538163635842447 0.00633233686918314
823 0.638840351101149 0.00799795505141597
824 0.585954170851995 0.00518440107082087
825 0.516991574018874 0.00588557210431313
826 0.570540761371301 0.00539224468300428
827 0.57738626765119 0.00586702555432669
828 0.494228052135217 0.00599577048813995
829 0.65643237037141 0.00664849626234226
830 0.770944343732406 0.00589024235338898
831 0.739910830989936 0.00636913114075218
832 0.615834850593873 0.00593284355715603
833 0.657580233745379 0.00691884726339542
834 0.623427283412006 0.00601070159860742
835 0.410978655297614 0.00840655385512658
836 0.704376767518684 0.00569357117821541
837 0.730753046085264 0.006475182446788
838 0.618681414949045 0.00667838710254797
839 0.615328175062676 0.00520076505719205
840 0.64633334705742 0.00453587555384814
841 0.697443336216581 0.00458920058665823
842 0.754250620885893 0.00627551715058384
843 0.479356688620285 0.00872034682131703
844 0.33448336527326 0.00914249135935256
845 0.563834034315716 0.00460453802225333
846 0.684297808618957 0.00538147628037886
847 0.456338384070494 0.0107223481043483
848 0.526684794437778 0.00762315419859904
849 0.329929830401088 0.00496744588143881
850 0.401666259689509 0.00552458688003381
851 0.547404581997239 0.00837766734096123
852 0.361658144934812 0.00824308850928718
853 0.457879835604345 0.00579644214503225
854 0.62742974818365 0.00849785613962288
855 0.261119053369326 0.00683001648199425
856 0.243452896227892 0.00582854831906448
857 0.512947782244285 0.00733273794830126
858 0.270578431365659 0.00703142242776132
859 0.465007026214455 0.0083620991740387
860 0.470403571940405 0.00605785548304113
861 0.338021474694162 0.00596125716260034
862 0.385243141736075 0.00765385004430286
863 0.471233163582432 0.00541213528781935
864 0.667614998195602 0.00829117450763147
865 0.597951061250693 0.00856012253408963
866 0.209892716176698 0.00594886973232758
867 0.365479074121978 0.00665359815464616
868 0.289742866321983 0.00570139373240556
869 0.666478235248347 0.00806450715309549
870 0.454732577688309 0.00931035212544414
871 0.403413110841425 0.0116813863296708
872 0.258426859738401 0.00647376799892443
873 0.211956722494807 0.00843283246340757
874 0.610002995594619 0.0080555740260091
875 0.406053270492474 0.00616358086563753
876 0.376427756861604 0.00609216670738361
877 0.282634472586156 0.00801353325647198
878 0.618037264488693 0.00598416299865117
879 0.383005834942784 0.00738156243829076
880 0.435884933463775 0.0054054457509776
881 0.372693026987862 0.00659872103568855
882 0.20689040767245 0.00755596431110765
883 0.337228988310241 0.00560764443757137
884 0.441235161217403 0.00855610368872452
885 0.698132595664035 0.00736497997258491
886 0.303784802131073 0.00837252554562311
887 0.282099644548687 0.00641543270428016
888 0.473677109745434 0.00830367575060334
889 0.43146713538114 0.00872667847045834
890 0.246277855079925 0.00621485807195954
891 0.196865611357387 0.00645639712576626
892 0.422860955984594 0.0053343212563781
893 0.601888611232954 0.00703543021108152
894 0.452476749500372 0.00619878095107583
895 0.199261565095613 0.00587787145168559
896 0.31903844382366 0.00676715934311936
897 0.222601371608425 0.00758323840081696
898 0.246256453088996 0.00785841384295021
899 0.426249361907606 0.00658528161793881
900 0.192249954767474 0.00509081293951215
901 0.293273470080116 0.00509533156419683
902 0.406813110587034 0.00700157308602459
903 0.441801147365218 0.00700961547552188
904 0.382287355090458 0.0056020559635442
905 0.505913231938327 0.00691165534470341
906 0.428023537934946 0.00596345748775814
907 0.580938920049163 0.00647001625204662
908 0.239891240466019 0.00685209413537201
909 0.346814318002138 0.00490845467400894
910 0.703197571507059 0.00756248925953358
911 0.433739999350125 0.00747306976265423
912 0.404429784642511 0.00633075944717178
913 0.252237459705072 0.00765132844180024
914 0.283662229228662 0.00624680694600014
915 0.24502135399848 0.0059677542261141
916 0.295989841995099 0.00771977498231091
917 0.538215389802087 0.00607850645270601
918 0.410468284632794 0.00721662174580088
919 0.530649118710792 0.0069962724711161
920 0.460365417857157 0.0108433476537568
921 0.606743524240455 0.00688040406170097
922 0.584844828613709 0.00764103466852617
923 0.596902546833233 0.00851171300599721
924 0.490077093117277 0.010638431641992
925 0.397157614341567 0.01029480812614
926 0.270827706796654 0.00826499157713929
927 0.555106664837104 0.00902020900950352
928 0.567610849418069 0.00839574408456864
929 0.296059006020749 0.00962094015108642
930 0.463982435399991 0.0104536252155999
931 0.291507118972928 0.0108405258699931
932 0.47808012451835 0.00694393470722868
933 0.557849288689589 0.00983352116024783
934 0.587508525598963 0.00690489731336202
935 0.600739815513923 0.00657063381466788
936 0.501203712432778 0.00658250607304908
937 0.364931397198765 0.00853718109260621
938 0.694550749031857 0.00820032669506922
939 0.282805098723165 0.0118680112279428
940 0.489828012707005 0.0135676897654469
941 0.337107641911625 0.00931860157342745
942 0.399432718099193 0.00843761098447342
943 0.541719581423328 0.00652955096201056
944 0.191805973179004 0.00710742637367033
945 0.403707395439416 0.00607296141414714
946 0.581352909693924 0.00623938832599696
947 0.501392319514283 0.0065750816875564
948 0.440491861388655 0.0067521611399463
949 0.613672070024982 0.00935750370926257
950 0.435924448983985 0.0108885695222708
951 0.436854704590154 0.0115842273592221
952 0.484850866150229 0.00635456025740785
953 0.622286177160325 0.00505222815062535
954 0.416590274340249 0.00670166844532822
955 0.585043889760635 0.00781945440779176
956 0.557546007668678 0.00637907085203953
957 0.614877970507202 0.00373701322275335
958 0.411346767931081 0.0117864713517908
959 0.427652907466252 0.0058435053046328
960 0.653503262528042 0.00400712047715316
961 0.429523618347534 0.0127967447757126
962 0.400903897606016 0.00747034953795923
963 0.557646934007337 0.00617625958390069
964 0.674666261486943 0.00577628132579592
965 0.532848069918595 0.0074695180773831
966 0.661534413550773 0.00797161220371971
967 0.602429033023447 0.00491437859513736
968 0.627453391713848 0.00978309928288755
969 0.547078036056415 0.00532509249121753
970 0.720612393954691 0.00612970458213038
971 0.563883354792358 0.00486288615782844
972 0.648179437776558 0.00604393579668424
973 0.529009220734634 0.00685310671173503
974 0.448626162774595 0.00556475343897602
975 0.553147586333469 0.00620833338306208
976 0.416210359406263 0.0069495248838504
977 0.681343535241427 0.00432019379115896
978 0.354438951173587 0.0126589852293329
979 0.58743867141204 0.00675451526114963
980 0.661331109182555 0.00572404196912378
981 0.638264603258696 0.00481879149147809
982 0.58325348580545 0.00598870045628136
983 0.692204796653864 0.00543134674605916
984 0.602253559725042 0.00540372219640214
985 0.66066181841552 0.00712684239384928
986 0.706639058081087 0.00939404385880544
987 0.564267407766897 0.0083151965521941
988 0.597080009358225 0.00486196484097721
989 0.585121656276556 0.005301109613214
990 0.542874777194293 0.00680223270282145
991 0.633254934230676 0.00428536320151561
992 0.68313988744938 0.0046496591820392
993 0.590004496340097 0.00472527622855615
994 0.477700687490523 0.00548515802163045
995 0.610018438425797 0.00645325015501931
996 0.395083724122832 0.00727453866015445
997 0.601632130349267 0.00645397630227573
998 0.455652581274328 0.0117962293353467
999 0.627362305473218 0.0066577835589402
1000 0.674441007036747 0.00591798233688195
1001 0.564720470443362 0.00574396248576642
1002 0.713584749762252 0.00627438489382007
1003 0.494600302440627 0.00802487680434952
1004 0.49353116753314 0.00636667719330881
1005 0.656992514943564 0.00565038482049951
1006 0.533727651120586 0.00651636781857761
1007 0.639533899357938 0.00711345255492699
1008 0.522535273498106 0.00680959967734949
1009 0.57119695512726 0.00729200451565139
1010 0.58285041823352 0.0087357096437079
1011 0.541439510962387 0.00741708863357497
1012 0.47119103139716 0.0136153347112011
1013 0.555460091639921 0.00749157222961442
1014 0.409218096537274 0.00850057436262133
1015 0.578102642546984 0.00573718902282646
1016 0.610625517846764 0.00638669886924011
1017 0.526719780770589 0.0103739904547876
1018 0.437877579461272 0.00704496229021094
1019 0.536996556983431 0.00871918890142896
1020 0.687151718921143 0.00414865696128004
1021 0.491323745620465 0.00866502171468516
1022 0.644467410986993 0.00432142136423716
1023 0.590955606819597 0.00670734000236012
1024 0.543892188296965 0.00631427937344725
1025 0.604812234151167 0.00532105249944796
1026 0.698429757837496 0.00452084239149634
1027 0.748608081755911 0.00726203010317529
1028 0.650063928719488 0.00501645539216089
1029 0.660355635071872 0.00416325746428803
1030 0.613605521721455 0.00806754939243943
1031 0.673112097557261 0.00651835705518035
1032 0.534368981559225 0.00689750179860117
1033 0.716539817357371 0.00973958430544262
1034 0.592413780898623 0.00388066776504025
1035 0.679960014197349 0.00490461271902112
1036 0.58718200616062 0.00483383447166621
1037 0.667220141341734 0.00545373928671431
1038 0.519190754124996 0.00848830466313913
1039 0.575096226663702 0.00575512312378969
1040 0.685119197449624 0.00610881565976566
1041 0.693893458896739 0.0133535438347899
1042 0.620405775529558 0.00534994057656426
1043 0.629889473559217 0.00550373031581305
1044 0.667607789690872 0.00597813619288503
1045 0.777410210039928 0.00682478586436016
1046 0.611703998556257 0.00514492904859962
1047 0.60277692922394 0.00594176733108121
1048 0.599004150875517 0.00576756092983559
1049 0.464955209605877 0.0059559276434081
1050 0.643828781782983 0.00634025959448738
1051 0.621364259276522 0.00658141521427855
1052 0.512398187504495 0.00869872898644121
1053 0.53927510525355 0.0135100654409445
1054 0.723877903012348 0.00620988388171018
1055 0.632787510463434 0.00478376061911691
1056 0.630057205144012 0.00475960349255677
1057 0.683557276106881 0.00693473545953774
1058 0.439423163270859 0.00596357651791023
1059 0.565479721691112 0.00848790380608907
1060 0.440423750161005 0.00737144461063811
1061 0.614677204614289 0.00696822667021276
1062 0.600993568958931 0.00622747949756034
1063 0.637960461032704 0.00756311601185866
1064 0.507262728397644 0.00814588104266215
1065 0.692217183357164 0.0120072943708792
1066 0.410272447111729 0.0277623823005293
1067 0.563297817044777 0.0133509477004862
1068 0.483505836683494 0.0141296443582924
1069 0.403494602425896 0.0158125883003249
1070 0.380123940484008 0.0142477228350131
